INDEX NOMINUM.

m, evm ὼ, lm, 16.

ΚΜ uolatu, 74.

ὴὼῆωώωὴω6ωω1
ὼώψ66666666
68, 76.

- 1111111111 611111 mitis, 14.

16116166, 'rhum 61, mila, 33, 37 , 16

11116, mm 1111661611 66, 13, 14.

- m 1111111111 1161.

-16116166,1)6616166161161666,19.

ramniu, 61611161 dietus, 62.

— Ilugo 611111 11661111, 62.

-11616611 filim 11161111, 62.

- Sym 61161 11611111, 62.

rogus, 26.

1166111161, 17111666 66, 19.

21116, willelmus 66, 66.

6’. archidiaconus, 30, 53, 64.

61161611, 116161, lvii.

- 1611611, lvii.

61111161, 111616 61161, 41.

-- 66611661 61161, 41.

61161661, 6611116161, 41.

— 70.

6111, 6111661111, 29.

6111, 1111111661 66, 36, 64.

661666, 11116116, 74.

6161161111161661, 14, 71.

6116611611, 1166161166661 66 8111161191, 8,
23, 36.

- apellanus Dunkeldemis, 68, 69,

—- 61161 arehidnoeni 66 8111161111, 76.

-- 61116 11611661, 66661 668611611713,
fflsslstmffistmaffin
28, 23, 33, 67, 70, 71, 76.

66611161, 61161 61166111 66 8111166176, 12,
21, 23, 34.

- tuter 6661111 66 8111166166, 57, 58,

- 61161, 67, 68.

-- 166161 61166111 de stutheryn, 16, 26.

61161111 6.

- 61161 6616111166 Straba-511, ll.

— 61161 ι11161611 66 struhan 6

6111161116, 16, 26.

6111611166, 6116161116, 6.

6616661661, 32.

6111616116, judex, 62.

61116816, colinus 61161, mvi.

61666661, 61116611, 111661 66611111 mi 61
8111166116, 67.

(11111661, 1666161661 comitis 61166111, 11123· .

6111616666, 61161 61111111, 6, 23.

61111661, (1111166616, 6116166616) 6161111,
6, 11, 16, 21, 26, 67, 68.

61111611, 61161161 61161, 3, 11, 16. 96. 23.
67, 68.

61666666166161166661, magistu 11. mii

-- 666161166661, Thomu 61 8111611116,

-- 6661661, magister W’. mii.

-661166661, 1111161661, 71, nix.

Glny, 61161 R'. xxix.

(llonwny, domium 6116611111 da mill.

(11666666116, (6166666176), 1611661661 66,

(1116666661, 11616166, J 6616611 66616111 61
8116166116, 44.

(11661111, 66616666, 1111116 66 11661111,
xlviii.

(1661661, Augusius 61161, 11.

- 6111311611, uxor Angusii 6111, 11.

Gorty, Τ1111116 66, 15, 22, 28, 23, 32, 33,
Άῆηῶἢω

611616, (6111116) 6661661 111616 66, 37,

—dominus Patricius 66, lul&

— willelmus 66, l.

Gregorius, Pnpu, xxix.

11⁹. 61111661, 75,

 

