11111111] INDEX LOCORUM.

1111111111111190. , 1111111111, 99.
Emmueharfigme, 113. 1111111111, 93, 105, 111, 116, 121.
Eting, 113. Kinludie, 109.
J Kintooher, 118.
1111111111, landa of, 114. Kirkbryde, 99, 112, 113.
11111111, 1111111111 11, 105, 120134. Kirkbrude, 11111111, 105.
Κ111111111111, 111111 of, 1111137.
011111, 85, 90. Kirkmodow, 121, 126.
Guk, 1111111111, 107, 113, vido Trinitie Kyntoohir, 134.
· (11111.
(11111111, 96. 1111111111, 88, 95, 124, 127-129, 131.
(1111111, 98, 105, 118, 135. 11111111, chapel of oure ladie of, 88.
(1111111111, 100, 122, 124, 128. 11111111, 118, 133.
1111111111, 114. 11111111111111,11111111(1 wester, 118.
olenchem, 114. Lettirbannoehre, 134.
(irene yaird, 122, 124, 128, 130. 111111111111111, 113.
-· 1111111, 114.
Hammona, 103. Iaogme, 115.
Humane, 88, 100, 121-128, 130. Lorne, lordship 11, 100.
1111111111, 96. -111111111111 in, 109.
11111111, 11111111 of, 98, 99.
11111111111111111, 85, 86, 90.
111111111111111. -111111117,86, 132.
1111111111, 87, 88, 95, 96, 123, 124, 128-128, -1111111111, 86.
130,131. -1111111111, 87, 93,98,90,105, 121,
1111111011, little, 88. 122, 126.
111111111195, 96. -11111191, 100, 123. ·
1111111111, 101. 11111111, (11111111) 3111111111 os, 11111
11111111111, 116. 8111111111.
1111111111, 117. 1111111111, 88, 108, 109, 110, 115, 117.
1111111111, 11111111 and 1111111, 127, 123, 1111111111, 90, 106.
131.
11111111111,129.’ Ν11111101111111,85.
1111111111, 114. - 01111111, vido cardney.
1111111111111, baronio 11, 98. 11111111, 88, 98, 105, 121, 122, 124-130.
11111111, 1111111111, 137. Newyaird, 96, 130.
Inverpeffrio, 135, 136. -- haid, 96.
Im, (Eme.1mn0‚)water0f‚85‚ 90. 1111111111, 11111111.

xxm, 111 cm. 1111111111111111. ’

11111111, (1111111) 1111111111, 117,136. 0111111111, 1111111111, 119, 115.
1

 

