168

11111116, 136.

nortona, 99, 112.

' Bnidinohe, (1111161 21111), 95, 96, 122,124,
128, 131.

31111111, 111.

3111111611, 11111111 calfit, 66, 87, 100.

- οἰ Ardbtny, 95, 125, 127, 130.

6111111116, (Β111111116), 69, 111.

1111111111, 108, 123, 126.

1111111116, 95, 108, 123, 126, 130.

omnm, 106

0111111116, 106.

0111111116, 100, 109.

011111, 123, 128.

0111111311, cister 1161111111, 96, 127, 130.

0116111, (01161111, 011111, (lamp) 11111111
11, 85, 89-101, 120, 123, 133.

-1111111, 90.

-- lyttill, 93, 112.

-— over, 93.

01161111, barony os, 89.

0111, 115, 134.

01111116, 104, 109.

01111111, 117.

0111111111, 118, 133.

0111111111, 118.

Chapelland, 93, 106.

0111611111111, 88.

01111111, 111.

Gog, 117.

0111611111, 118.

01111111, 134.

01113, 133.

-111111, 109104, 106.

“ ’-1111111,93,104.

Oraigend, 136.
cniglen, 117.
0111311111, 111111, 88, 92.
. - 1111111, 97, 100.
0611111111, 114.

INDEX LOOORUM.

[11111111.

1111118111 114.
eunnyngrauld, 11, 91, 110.

01111111, 114.
1111111111111, 106.

1161111111, 114.

1161161111, 136. .

111111, 114.

Dentis 111611, 87.
1111116111, 88, 91, 110.
0116611111 houm, 100.
D⁰unin821Dunnin82D⁰⁰112W⁰⁰hin 011 99,

109.

1111116, 134.

11111111111111, 114.

Drumfyn, 184.
Drumphingnllie, 134, 135.
Drumthark, 114.

Dubheid, 111111, 99, 100, 105.

- 1116611, 96.

-- 111111, 69, 110.

1111111611, over, 99,105.

Ducat yaird, 123.

11111111, west, 89.

Dulloray, lordship 11, 86, 119.
1111611111, 88, 99.

1111611111, (11111611) naith 111, 85, 90, 98,
’ 112. ·

-- milne of, 86, 96, 108.

1111611111, 114.

1111611111, 109.

1111111111, 114.

011111 Onna, 1161 01113.

Rama Oraigtown, 1161 0111111111.

Eum Dubheid, 1161 11111116.

11611161, 114.

1111111117, (1111111 Lay), 89, 105.

6161116116, 123.

Elowne, 114.

Eme, (1111, 11111) mylne of, 105, 111. ¹

 

