170

111111 onon, 123, 127, 128, 130.
11111111, 91,

11111] 1111, 115.

-11111111, 115.

111199, 103, 126, 130. ’

-- 1111111111111, 85, 89, 135.
1111111111, 118.

Polpoferri0, (Polpofery, Pow 1111111111)
85, 119, 120 122, 124, 139, 140.

11111 11 Monyvaird, 1111 11, 110.

11111111 modove, 100, 122, 124, 128.

1111111111, 90.
1111111111,(111111111111), 100, 112.
111111, 111 1111111111, vido 1111111111.
1111111111, 94, 110.

1111195, 96, 128,131.

11111111, 111111 11, 115.

8111111, 11111 11, 111111 0111111111, 93.

8111111111, 8891, 110.

8111111111, 91.

8111111111, 133.

81111111 11111, 90, 100, 128, 130. ·

8111111111 1111111, 89.

8111111,11111111 11, 113.

81111111, 113. 2

81111 1111, 100, 107.

8111111111, (8111111111) 90, 96, 99, 100,
106, 107 , 110.

INDEX LOOORUM.

κ...

[11111111.

81 Annis 1111. 90, 107.
-· 11111, 98.

1111111111, 115.

1111111111, 111 walanem, 88, 95, 107,
122-127, 129-131.

Three Megouris, 111111 11, 114. ,

’111111 11111, 111, 112.

1111111, 88, 95, 121, 131.

111111, 118.

’1111 1111111111 croft, 111.

Tnphill, (11111111), 100, 111.

1111111, 113.

Trinity (1111, 87, 113, 131, 135.

11111111, 1111111111, 108.

1111111111, 87, 114.

1111111111, 96, 107, 120, 128, 129, 131.

Tulle eting, 113.

Τ1111111111111, 114.

111111111111. vida 1111111111
111111, 88, 100, 121-127, 130.
9111111111 croft, 109.

11111, 111.

· - 1711111111, 87, 122-124, 128, 181.

11111111, 123.

1111111 cmg, 1111 enig.

1111111 (111311111111 (1111311111.

1111111 11111111, 1111 11111111.

11111 1111111, 122.

771111111111, 89, 90, 91,100,101,105,
11111111118815, 107,121,127,129-131.
17111111, 93.

11111111, 107.

.. · .
. ξ]
ι
7
’,1
n

 

